0 0.281250 0.102083 0.084375 0.158333
0 0.349219 0.054167 0.120313 0.104167
0 0.783594 0.110417 0.110937 0.087500
0 0.514062 0.328125 0.134375 0.310417
0 0.185156 0.483333 0.126562 0.250000
0 0.143750 0.740625 0.134375 0.277083
0 0.175000 0.931250 0.162500 0.129167
0 0.313281 0.865625 0.139063 0.256250
0 0.603125 0.658333 0.159375 0.333333
0 0.841406 0.535417 0.148438 0.270833
0 0.727344 0.750000 0.123438 0.379167
1 0.732031 0.978125 0.095312 0.043750
1 0.900781 0.804167 0.092188 0.191667
1 0.839844 0.850000 0.073438 0.250000
0 0.908594 0.887500 0.073438 0.133333
0 0.849219 0.637500 0.089063 0.162500
0 0.914844 0.630208 0.135937 0.093750
0 0.914844 0.508333 0.076563 0.141667
0 0.842187 0.506250 0.153125 0.216667
