0 0.193750 0.700000 0.156250 0.295833
0 0.170313 0.970833 0.087500 0.050000
0 0.296094 0.912500 0.148438 0.162500
0 0.389844 0.971875 0.051562 0.056250
0 0.618750 0.239583 0.100000 0.241667
0 0.604688 0.078125 0.165625 0.127083
0 0.741406 0.151042 0.142187 0.189583
1 0.825000 0.153125 0.071875 0.177083
0 0.893750 0.302083 0.100000 0.195833
0 0.871875 0.246875 0.065625 0.172917
0 0.885938 0.546875 0.093750 0.264583
0 0.896875 0.488542 0.084375 0.122917
0 0.828906 0.644792 0.089063 0.285417
0 0.919531 0.753125 0.101562 0.214583
0 0.689063 0.921875 0.115625 0.156250
1 0.792969 0.902083 0.095312 0.195833
0 0.733594 0.048958 0.085938 0.093750
0 0.771094 0.773958 0.095312 0.302083
