0 0.546094 0.216667 0.129688 0.241667
0 0.269531 0.846875 0.201563 0.164583
0 0.581250 0.905208 0.150000 0.181250
0 0.680469 0.610417 0.114062 0.408333
0 0.692969 0.251042 0.198437 0.147917
0 0.734375 0.165625 0.109375 0.106250
0 0.791406 0.263542 0.101562 0.160417
0 0.770312 0.072917 0.100000 0.137500
0 0.867969 0.277083 0.079687 0.158333
0 0.822656 0.162500 0.079687 0.125000
0 0.914844 0.502083 0.117188 0.237500
0 0.888281 0.732292 0.095312 0.222917
0 0.833594 0.787500 0.082812 0.291667
0 0.764844 0.790625 0.095312 0.243750
0 0.784375 0.563542 0.118750 0.131250
0 0.851562 0.579167 0.084375 0.116667
