0 0.163281 0.500000 0.114062 0.270833
0 0.289062 0.437500 0.131250 0.316667
0 0.175781 0.969792 0.082812 0.060417
0 0.455469 0.946875 0.048438 0.097917
0 0.484375 0.048958 0.131250 0.093750
0 0.595313 0.148958 0.115625 0.222917
0 0.665625 0.069792 0.090625 0.135417
1 0.732031 0.116667 0.104688 0.183333
1 0.857812 0.225000 0.150000 0.170833
0 0.864844 0.373958 0.107813 0.185417
0 0.625000 0.666667 0.146875 0.237500
0 0.769531 0.654167 0.104688 0.337500
0 0.925000 0.606250 0.134375 0.191667
0 0.853125 0.770833 0.115625 0.270833
0 0.890625 0.871875 0.096875 0.172917
1 0.906250 0.985417 0.078125 0.025000
0 0.763281 0.876042 0.092188 0.214583
