0 0.188281 0.445833 0.110937 0.241667
0 0.145313 0.817708 0.137500 0.227083
0 0.478906 0.970833 0.139063 0.058333
0 0.611719 0.597917 0.182812 0.333333
0 0.710156 0.507292 0.129688 0.356250
0 0.803125 0.820833 0.087500 0.316667
0 0.708594 0.879167 0.117188 0.200000
0 0.912500 0.857292 0.137500 0.260417
0 0.934375 0.548958 0.109375 0.193750
1 0.873437 0.489583 0.134375 0.295833
0 0.785937 0.285417 0.115625 0.216667
0 0.853125 0.335417 0.096875 0.187500
0 0.884375 0.248958 0.071875 0.172917
0 0.820312 0.065625 0.053125 0.102083
0 0.740625 0.164583 0.084375 0.133333
0 0.657031 0.121875 0.117188 0.122917
0 0.560156 0.047917 0.145313 0.091667
0 0.699219 0.025000 0.082812 0.045833
