0 0.257031 0.918750 0.145313 0.150000
0 0.550000 0.834375 0.290625 0.172917
0 0.549219 0.959375 0.220312 0.081250
1 0.759375 0.921875 0.168750 0.156250
1 0.851562 0.891667 0.084375 0.195833
0 0.928125 0.729167 0.112500 0.216667
0 0.861719 0.714583 0.139063 0.266667
0 0.707031 0.694792 0.195312 0.202083
0 0.757812 0.521875 0.206250 0.181250
0 0.707031 0.316667 0.126562 0.208333
0 0.750781 0.154167 0.092188 0.200000
0 0.710156 0.057292 0.114062 0.072917
0 0.660156 0.143750 0.123438 0.162500
0 0.592969 0.065625 0.139063 0.114583
