0 0.287500 0.121875 0.112500 0.102083
0 0.135156 0.613542 0.148438 0.264583
0 0.165625 0.932292 0.106250 0.122917
0 0.257812 0.896875 0.175000 0.172917
0 0.436719 0.906250 0.160938 0.187500
0 0.602344 0.680208 0.154688 0.368750
0 0.799219 0.919792 0.214062 0.139583
1 0.901563 0.843750 0.115625 0.191667
0 0.887500 0.641667 0.175000 0.175000
0 0.865625 0.536458 0.146875 0.177083
0 0.857812 0.477083 0.131250 0.291667
0 0.827344 0.208333 0.123438 0.108333
0 0.756250 0.146875 0.112500 0.139583
0 0.710938 0.026042 0.071875 0.047917
0 0.797656 0.027083 0.054688 0.050000
0 0.560156 0.020833 0.082812 0.037500
