0 0.273438 0.158333 0.100000 0.137500
0 0.142187 0.562500 0.103125 0.308333
0 0.165625 0.909375 0.109375 0.181250
0 0.303906 0.912500 0.189062 0.162500
0 0.442188 0.902083 0.187500 0.170833
0 0.632812 0.692708 0.131250 0.289583
0 0.498437 0.047917 0.131250 0.091667
0 0.697656 0.081250 0.123438 0.108333
0 0.734375 0.247917 0.109375 0.250000
0 0.785937 0.259375 0.071875 0.118750
0 0.884375 0.382292 0.115625 0.268750
0 0.802344 0.487500 0.114062 0.262500
0 0.861719 0.673958 0.173437 0.235417
0 0.792188 0.910417 0.228125 0.166667
0 0.693750 0.014583 0.075000 0.025000
1 0.895312 0.969792 0.065625 0.052083
